692
735
744
786
712
729
664
792
736
778
660
792
761
730
720
688
753
673
760
744
777
710
671
796
731
791
785
680
758
762
721
779
667
783
709
689
656
758
736
677
790
721
771
727
777
650
658
747
776
792
783
685
741
668
792
688
723
790
784
791
702
746
678
767
759
704
665
737
782
708
670
681
781
728
694
688
677
664
792
721
754
700
705
672
745
738
693
798
677
778
714
670
723
665
677
768
675
753
673
680
