787
476
487
476
484
465
491
489
455
480
756
473
479
493
486
463
500
486
469
465
667
489
451
489
491
477
474
493
464
473
761
495
470
454
479
457
482
460
451
489
736
471
466
485
492
484
493
453
493
497
763
495
459
477
483
495
485
487
486
453
667
490
465
461
451
461
471
489
488
469
730
488
458
451
465
493
497
485
473
482
674
462
490
465
472
459
477
499
472
478
757
480
450
470
470
477
475
476
471
451
