653
651
797
776
701
650
783
678
793
761
775
685
677
797
707
761
696
724
776
729
738
741
785
744
705
670
650
672
765
704
780
793
688
701
662
672
768
720
744
743
699
698
776
798
728
728
707
656
679
789
798
792
669
751
672
733
738
774
718
773
760
734
717
749
739
676
679
764
788
717
767
741
716
793
799
705
707
775
753
754
689
775
708
683
721
698
779
717
671
668
745
735
710
654
664
768
793
755
678
682
