838
489
451
497
457
490
474
484
478
457
806
474
470
497
497
472
499
490
456
490
844
453
456
468
463
481
494
462
485
463
771
497
464
452
474
479
478
480
452
496
740
459
455
478
486
469
471
488
487
466
838
462
463
460
491
475
464
500
462
451
787
483
460
469
465
469
451
491
475
460
808
500
494
489
451
463
489
480
491
499
699
474
474
465
469
471
451
483
478
500
794
471
455
473
500
498
495
467
454
490
